  20231009022108960.UW.CHIMA..HH    4.94   1 1    0 0 0     0.00 0     0.00 0    0
  20231009022108960.UW.NATEM..HH    9.81   1 1    0 0 0     0.00 0     0.00 0    0
   20231009022108960.UW.HANS..HH   19.05   1 1    0 0 0     0.00 0     0.00 0    0
   20231009022108960.UW.PRIN..HH   20.50   1 1    0 0 0     0.00 0     0.00 0    0
  20231009022108960.UW.EQUIL..HH   24.56   1 1    0 0 0     0.00 0     0.00 0    0
   20231009022108960.UW.SALO..HH   28.47   1 1    0 0 0     0.00 0     0.00 0    0
   20231009022108960.UW.OSQM..HH   29.86   1 1    0 0 0     0.00 0     0.00 0    0
  20231009022108960.UW.KNGST..HH   30.94   1 1    0 0 0     0.00 0     0.00 0    0
   20231009022108960.UW.COYL..HH   38.36   1 1    0 0 0     0.00 0     0.00 0    0
  20231009022108960.UW.MORSE..HH   42.25   1 1    0 0 0     0.00 0     0.00 0    0
   20231009022108960.UW.HILL..HH   44.08   1 1    0 0 0     0.00 0     0.00 0    0
  20231009022108960.UW.LOPEZ..HH   45.60   1 1    0 0 0     0.00 0     0.00 0    0
    20231009022108960.UW.HDW..HH   49.87   1 1    0 0 0     0.00 0     0.00 0    0
   20231009022108960.UW.GUEM..HH   56.83   1 1    0 0 0     0.00 0     0.00 0    0
    20231009022108960.UW.BHW..HH   57.02   1 1    0 0 0     0.00 0     0.00 0    0
   20231009022108960.UW.LRIV..HH   57.66   1 1    0 0 0     0.00 0     0.00 0    0
  20231009022108960.UW.KTSAP..HH   60.05   1 1    0 0 0     0.00 0     0.00 0    0
   20231009022108960.UW.DONK..HH   60.35   1 1    0 0 0     0.00 0     0.00 0    0
   20231009022108960.UW.OLGA..HH   63.05   1 1    0 0 0     0.00 0     0.00 0    0
  20231009022108960.UW.TURTL..HH   68.10   1 1    0 0 0     0.00 0     0.00 0    0
   20231009022108960.UW.RNWY..HH   70.04   1 1    0 0 0     0.00 0     0.00 0    0
   20231009022108960.UW.COWS..HH   72.93   1 1    0 0 0     0.00 0     0.00 0    0
   20231009022108960.UW.MULN..HH   74.04   1 1    0 0 0     0.00 0     0.00 0    0
   20231009022108960.UW.LUMI..HH   75.65   1 1    0 0 0     0.00 0     0.00 0    0
    20231009022108960.UW.HTW..HH   76.55   1 1    0 0 0     0.00 0     0.00 0    0
  20231009022108960.UW.SAXON..HH   83.08   1 1    0 0 0     0.00 0     0.00 0    0
  20231009022108960.UW.MAPLE..HH   83.30   1 1    0 0 0     0.00 0     0.00 0    0
  20231009022108960.UW.SKOKO..HH   84.82   1 1    0 0 0     0.00 0     0.00 0    0
   20231009022108960.UW.BHAM..HH   86.27   1 1    0 0 0     0.00 0     0.00 0    0
   20231009022108960.UW.DART..HH   86.86   1 1    0 0 0     0.00 0     0.00 0    0
   20231009022108960.UW.TOLT..HH   86.87   1 1    0 0 0     0.00 0     0.00 0    0
  20231009022108960.UW.EAGLE..HH   89.27   1 1    0 0 0     0.00 0     0.00 0    0
   20231009022108960.UW.OHOH..HH   91.95   1 1    0 0 0     0.00 0     0.00 0    0
  20231009022108960.UW.WINDI..HH   92.53   1 1    0 0 0     0.00 0     0.00 0    0
    20231009022108960.UW.MEW..HH   93.40   1 1    0 0 0     0.00 0     0.00 0    0
   20231009022108960.UW.WYNO..HH   94.43   1 1    0 0 0     0.00 0     0.00 0    0
   20231009022108960.UW.OLQN..HH  100.00   1 1    0 0 0     0.00 0     0.00 0    0
   20231009022108960.UW.RPW2..HH  100.15   1 1    0 0 0     0.00 0     0.00 0    0
   20231009022108960.UW.MBW2..HH  103.72   1 1    0 0 0     0.00 0     0.00 0    0
  20231009022108960.UW.PAN4H..HH  104.26   1 1    0 0 0     0.00 0     0.00 0    0
   20231009022108960.UW.SLDQ..HH  105.14   1 1    0 0 0     0.00 0     0.00 0    0
   20231009022108960.UW.STOR..HH  109.93   1 1    0 0 0     0.00 0     0.00 0    0
    20231009022108960.UW.OSR..HH  110.00   1 1    0 0 0     0.00 0     0.00 0    0
   20231009022108960.UW.HERD..HH  113.85   1 1    0 0 0     0.00 0     0.00 0    0
  20231009022108960.UW.DOORS..HH  116.50   1 1    0 0 0     0.00 0     0.00 0    0
   20231009022108960.UW.PASS..HH  116.75   1 1    0 0 0     0.00 0     0.00 0    0
  20231009022108960.UW.ANGUS..HH  119.11   1 1    0 0 0     0.00 0     0.00 0    0
   20231009022108960.UW.SHUK..HH  119.37   1 1    0 0 0     0.00 0     0.00 0    0
    20231009022108960.UW.OTR..HH  120.42   1 1    0 0 0     0.00 0     0.00 0    0
   20231009022108960.UW.YELM..HH  122.74   1 1    0 0 0     0.00 0     0.00 0    0
  20231009022108960.UW.OQNOB..HH  124.25   1 1    0 0 0     0.00 0     0.00 0    0
   20231009022108960.UW.WISH..HH  129.05   1 1    0 0 0     0.00 0     0.00 0    0
  20231009022108960.UW.MONTE..HH  129.60   1 1    0 0 0     0.00 0     0.00 0    0
   20231009022108960.UW.KALA..HH  131.36   1 1    0 0 0     0.00 0     0.00 0    0
  20231009022108960.UW.CROWN..HH  133.24   1 1    0 0 0     0.00 0     0.00 0    0
  20231009022108960.UW.LACKA..HH  133.41   1 1    0 0 0     0.00 0     0.00 0    0
  20231009022108960.UW.MOODY..HH  133.57   1 1    0 0 0     0.00 0     0.00 0    0
   20231009022108960.UW.SNAG..HH  134.45   1 1    0 0 0     0.00 0     0.00 0    0
   20231009022108960.UW.FORK..HH  137.35   1 1    0 0 0     0.00 0     0.00 0    0
    20231009022108960.UW.WRW..HH  139.54   1 1    0 0 0     0.00 0     0.00 0    0
  20231009022108960.UW.HOQUI..HH  141.00   1 1    0 0 0     0.00 0     0.00 0    0
    20231009022108960.UW.FMW..HH  145.87   1 1    0 0 0     0.00 0     0.00 0    0
  20231009022108960.UW.INGAL..HH  150.56   1 1    0 0 0     0.00 0     0.00 0    0
    20231009022108960.UW.RER..HH  151.44   1 1    0 0 0     0.00 0     0.00 0    0
   20231009022108960.UW.CORE..HH  152.71   1 1    0 0 0     0.00 0     0.00 0    0
    20231009022108960.UW.RCM..HH  153.61   1 1    0 0 0     0.00 0     0.00 0    0
   20231009022108960.UW.DOTY..HH  156.09   1 1    0 0 0     0.00 0     0.00 0    0
   20231009022108960.UW.DEAL..HH  157.36   1 1    0 0 0     0.00 0     0.00 0    0
  20231009022108960.UW.ARTIC..HH  157.66   1 1    0 0 0     0.00 0     0.00 0    0
    20231009022108960.UW.LON..HH  159.34   1 1    0 0 0     0.00 0     0.00 0    0
    20231009022108960.UW.SLF..HH  167.51   1 1    0 0 0     0.00 0     0.00 0    0
   20231009022108960.UW.BOIS..HH  168.32   1 1    0 0 0     0.00 0     0.00 0    0
   20231009022108960.UW.GIGA..HH  170.66   1 1    0 0 0     0.00 0     0.00 0    0
   20231009022108960.UW.WHGC..HH  171.38   1 1    0 0 0     0.00 0     0.00 0    0
  20231009022108960.UW.WATCH..HH  172.76   1 1    0 0 0     0.00 0     0.00 0    0
   20231009022108960.UW.COWL..HH  173.28   1 1    0 0 0     0.00 0     0.00 0    0
  20231009022108960.UW.LOKMT..HH  176.41   1 1    0 0 0     0.00 0     0.00 0    0
   20231009022108960.UW.TOLE..HH  176.68   1 1    0 0 0     0.00 0     0.00 0    0
    20231009022108960.UW.LTY..HH  178.01   1 1    0 0 0     0.00 0     0.00 0    0
    20231009022108960.UW.NEL..HH  178.31   1 1    0 0 0     0.00 0     0.00 0    0
    20231009022108960.UW.ETW..HH  186.00   1 1    0 0 0     0.00 0     0.00 0    0
  20231009022108960.UW.TBLMT..HH  187.09   1 1    0 0 0     0.00 0     0.00 0    0
   20231009022108960.UW.WPEQ..HH  187.65   1 1    0 0 0     0.00 0     0.00 0    0
   20231009022108960.UW.NEMA..HH  188.03   1 1    0 0 0     0.00 0     0.00 0    0
   20231009022108960.UW.ABER..HH  190.74   1 1    0 0 0     0.00 0     0.00 0    0
   20231009022108960.UW.TOUT..HH  193.51   1 1    0 0 0     0.00 0     0.00 0    0
   20231009022108960.UW.MANO..HH  193.66   1 1    0 0 0     0.00 0     0.00 0    0
   20231009022108960.UW.RADR..HH  197.24   1 1    0 0 0     0.00 0     0.00 0    0
  20231009022108960.UW.SKAMO..HH  197.96   1 1    0 0 0     0.00 0     0.00 0    0
  20231009022108960.UW.TWISP..HH  199.48   1 1    0 0 0     0.00 0     0.00 0    0
   20231009022108960.UW.WAT2..HH  201.37   1 1    0 0 0     0.00 0     0.00 0    0
    20231009022108960.UW.CBS..HH  202.59   1 1    0 0 0     0.00 0     0.00 0    0
    20231009022108960.UW.SHW..HH  208.69   1 1    0 0 0     0.00 0     0.00 0    0
    20231009022108960.UW.EDM..HH  209.54   1 1    0 0 0     0.00 0     0.00 0    0
    20231009022108960.UW.HSR..HH  211.58   1 1    0 0 0     0.00 0     0.00 0    0
    20231009022108960.UW.CDF..HH  220.00   1 1    0 0 0     0.00 0     0.00 0    0
    20231009022108960.UW.DY2..HH  220.83   1 1    0 0 0     0.00 0     0.00 0    0
   20231009022108960.UW.BDGR..HH  225.72   1 1    0 0 0     0.00 0     0.00 0    0
   20231009022108960.UW.ASR2..HH  228.12   1 1    0 0 0     0.00 0     0.00 0    0
   20231009022108960.UW.YACT..HH  235.49   1 1    0 0 0     0.00 0     0.00 0    0
  20231009022108960.UW.SEAS2..HH  239.76   1 1    0 0 0     0.00 0     0.00 0    0
  20231009022108960.UW.FISH2..HH  242.01   1 1    0 0 0     0.00 0     0.00 0    0
    20231009022108960.UW.MOX..HH  245.45   1 1    0 0 0     0.00 0     0.00 0    0
   20231009022108960.UW.EPH2..HH  245.63   1 1    0 0 0     0.00 0     0.00 0    0
